331992
4550
82829361
93847
482
4540951
679
8720590
904
229177
840593
206301
97559497
79279
14
496391
940
41566
1425
18
97126
710724
3848434
32
24019
3201379
546
890
908710
239358
1585
72885613
3333
8740116
6001
67380
64084374
28407282
99
4194530
137106
91779
5286261
911476
1000000000
13559381
5266275
1888
38668
54182194
2636
92467723
3655
192983561
7957
8687840
3504
86028362
65070
160982
65572550
50716
206
870099485
602820850
750290
919190184
1
108172040
53570370
1680140
3732693
10
377606
27936
89703
883053
3113
45406443
152836
662466
5807
1134520
77192
41883513
242167
900376945
266716
6
41480
34062672
806381
192294913
546
10800098
85213
9109680
8428
85481
