8
429 623
591 1195
141 148
845 1342
408 541
130 509
582 991
457 757
8
1187 1247
371 1244
1088 1248
435 647
142 643
1014 1252
1279 1350
43 622
8
771 1113
1402 1404
163 714
145 379
683 1342
556 961
923 978
906 1207
8
626 848
661 1005
717 1237
981 1071
1140 1317
725 1077
952 1373
943 1252
8
864 912
557 977
399 1366
9 77
30 610
97 850
104 860
11 361
8
1343 1373
458 1049
156 1264
39 90
1035 1293
232 859
1376 1402
1390 1406
8
693 695
1005 1130
1063 1153
1201 1399
379 747
565 1337
437 1172
408 960
8
860 1190
1145 1209
324 1199
1242 1294
29 1272
228 1368
326 528
549 1398
8
1035 1070
1304 1432
218 343
678 1010
112 516
946 1433
65 825
654 893
8
287 724
790 1053
692 922
338 670
588 1182
807 1141
1089 1297
349 778
8
741 995
810 995
540 1263
1021 1258
575 643
896 939
11 1261
242 1237
8
588 1427
777 888
1064 1270
1191 1376
25 910
607 942
717 1342
495 762
8
1201 1368
317 1244
902 1271
596 1386
1419 1423
466 1233
810 1342
852 1010
8
418 1306
664 763
103 958
54 678
1247 1430
500 974
1264 1379
737 1420
8
616 1275
764 1391
1025 1230
29 892
363 553
1262 1337
418 430
472 1271
8
416 713
176 1380
606 701
1358 1376
1047 1341
1290 1345
1214 1283
1159 1217
8
900 1376
1232 1322
586 850
261 1222
1256 1315
53 434
402 574
226 391
8
501 644
1215 1331
340 772
748 761
535 830
952 1063
808 969
750 1081
8
597 628
1426 1437
833 1228
667 746
1111 1139
1074 1387
267 1309
1344 1424
8
569 1290
991 994
1312 1315
178 484
404 909
1077 1235
528 531
202 307
8
767 1319
724 1231
1294 1295
356 888
1172 1274
1074 1375
957 1051
29 102
8
434 812
243 751
500 1094
190 312
279 582
960 1120
589 1191
174 759
8
175 190
761 841
284 1246
1300 1309
797 1033
1293 1413
1220 1401
304 997
8
234 1303
269 741
415 733
624 843
1256 1407
322 1381
683 1127
252 721
8
201 649
931 1225
763 799
1145 1418
1353 1381
466 1283
371 648
941 1219
8
544 899
697 746
606 1102
1238 1408
1287 1376
47 959
810 969
455 1231
8
162 738
1202 1432
725 1024
276 1127
1402 1413
139 1172
184 1087
1351 1369
8
105 119
290 943
397 1301
1127 1172
395 984
46 282
446 646
897 960
8
630 1045
672 928
651 1151
728 772
682 1175
1313 1352
1169 1260
465 641
8
103 577
681 775
956 1415
371 1265
705 1303
1422 1439
291 813
1307 1309
0
